    2323      0.219065885197555002E-01
    2324      0.225953561117641609E-01
    2325      0.466927600580083133E-01
    2326      0.337226516571203019E-01
    2327      0.240732289241286368E-01
    2328      0.277256975559477467E-01
    2329      0.490587156392141358E-01
    2330      0.290217054213970718E-01
    2331      0.442605333102429888E-01
    2332      0.358014662280912305E-01
    2333      0.659494545334952387E-01
    2334      0.713537511420324344E-01
    2335      0.384092307216897938E-01
    2336      0.472991798280519501E-01
    2337      0.449733148063512223E-01
    2338      0.508750742468707801E-01
    2339      0.246728821350465956E-01
    2340      0.489216692650050258E-01
    2341      0.515936414867466039E-01
    2342      0.329185793918868458E-01
    2343      0.438366874196058076E-01
